 753
 759
 851
  49
 748
 768
  99
 136
 969
 546
  61
 219
 461
 962
  52
 253
  28
  96
 973
 580
 281
 697
 875
 615
 588
 614
 761
 555
 229
 597
  59
 181
 213
 901
 453
 128
  50
 193
 447
 830
 210
 972
 171
 388
 677
  24
 419
 349
 825
 626
  60
 385
 911
 238
 760
 673
 519
 913
 621
 256
 599
 799
 395
 701
 189
 787
 333
 958
 303
 332
 320
 407
 361
 797
 246
 404
 838
 307
 730
  67
 607
 654
 984
 929
 406
 491
  46
 289
 325
 565
 197
 899
 126
 722
 300
 382
 595
 288
 942
 668
 611
  91
 871
 577
 323
 644
  30
 116
 617
 460
 790
  43
 237
 985
 724
 159
 178
 499
 287
 927
 380
 548
 765
 490
 578
 409
   7
 657
 604
 858
  88
 376
 418
 512
 263
 544
 735
 120
 873
 982
 448
 999
 359
 641
 608
 843
 393
 628
 505
 834
 187
 574
 627
 425
 854
 432
 118
 329
 102
 208
 350
 860
 459
 592
 679
 846
 244
  79
 369
 311
 134
 313
 501
 729
 852
 176
 675
 203
 335
 944
 160
 623
 698
 125
 129
 403
 470
 242
 687
   4
 401
 427
 689
 845
 813
 831
 440
 979
 535
 165
 631
  44
 387
 585
 422
 635
 884
 652
 346
 105
 643
 910
 685
 413
 220
 295
 250
 472
 965
 728
 741
 489
 529
 869
 589
 508
 584
  74
 117
 477
 726
  29
 526
 316
 191
 155
 371
 341
   6
 439
 966
 367
 556
   5
  86
 156
 961
 383
 239
 366
 319
  89
 517
 688
 945
 964
 276
 700
 974
 934
 682
 138
  66
 731
 373
 502
 691
  87
 274
 417
 365
 605
 581
 880
 596
 914
 632
 764
 100
 463
 881
 868
 317
 275
 840
 465
 227
 820
 304
 222
  32
 902
 408
 693
 435
 292
 487
 676
 994
 450
 812
 400
 719
 106
  53
   8
 915
 444
 291
 119
 660
 110
 593
 743
 358
 476
 842
 506
 989
  92
 398
 494
 280
  23
 856
 703
 560
 144
 709
 713
 328
 564
 747
 789
 228
 149
 161
  56
 462
 466
 399
 551
 223
 390
 558
 887
 143
  77
  98
 368
 122
 978
  62
 180
 576
 895
 792
 297
 241
 583
 503
 808
 101
 233
 522
 566
 933
 231
 206
 305
 278
 471
 757
 196
 226
 742
 107
 348
 893
 616
 415
 552
 877
 636
 343
 598
 953
 485
 114
 218
 670
 123
 389
 391
  70
 200
 188
 889
 696
 142
 224
  78
 338
 198
  54
 568
 855
 132
 553
  75
  36
 680
 704
 864
 221
 434
 935
 284
 513
  84
 437
 601
 251
  51
 214
 473
 976
 543
 202
 306
 591
 315
 622
 699
 446
 456
 898
 828
 762
 642
 162
 896
 809
 168
 776
 850
 781
 883
 135
 663
 484
 878
 131
 690
 785
 619
 694
 586
 271
 718
 980
 496
  18
 497
 151
 379
 655
 431
 737
 923
  83
 195
 525
  45
 725
  33
 150
 449
 775
  64
 646
 829
 569
 739
  72
 624
 645
   3
 411
 509
 532
 826
 579
 216
  63
  35
 702
 779
 445
 659
 254
 357
 752
 658
 498
 272
  13
 433
 936
 500
 511
  80
 684
 940
 145
 885
 140
 977
 796
 521
 613
 665
 121
 928
 692
 990
 441
 273
 786
 356
 783
 975
 537
 397
 327
 527
 587
 847
  21
 744
 451
 992
 721
 115
 257
 917
1000
 310
 882
 362
 247
 209
 664
 606
 900
 862
 360
  25
 157
 950
 774
 378
 756
 482
 921
 892
 255
 734
 639
 545
  58
 396
 908
 352
 571
 649
 662
 651
 766
  39
 763
 827
 609
 755
 414
 876
 669
 924
 714
 970
 650
 141
 481
 265
 174
 483
 816
 172
 148
 772
 468
 205
 557
 370
 194
 594
 897
 405
  76
 750
 769
 215
 952
 478
 392
 821
 600
 438
 318
 262
 442
  69
 212
 167
 429
 960
 612
 173
 582
  40
 372
 866
 467
 853
 751
 943
 672
 602
   2
 298
 811
 312
 804
 991
 971
 516
  41
 309
 354
 795
 267
 104
 777
 185
 740
 457
 640
 987
  15
 938
 749
 888
 844
 331
 995
 153
 518
 245
 833
 428
 534
 330
 377
 800
 430
 638
 324
 326
 925
 996
 355
 572
 190
 874
 124
  38
 822
 353
 863
 573
 998
 164
 384
 931
 798
 629
 154
  95
 610
 514
 301
 817
 738
 147
 563
 345
 810
 957
 793
 294
 963
 906
  14
  68
 886
 504
  55
 249
  12
 252
  47
 232
 314
 981
 321
 794
 872
 217
 322
 177
 412
 710
  93
 814
 277
  31
 234
 807
 507
 771
 715
 824
 803
 955
 815
 932
 805
 723
 290
 916
 780
 541
 454
 926
  19
 137
 732
 590
 531
 163
 648
 706
  94
 510
 201
 293
 337
 562
 967
 603
 283
 486
 920
 170
  11
 182
  20
 524
  82
 788
 386
 937
 152
 711
 674
 782
 436
 746
 207
 235
  17
 909
  73
 166
  27
 225
 667
 708
 630
  37
 733
 493
 475
 538
 770
 259
 268
 302
 347
 570
 857
   1
 997
 258
 767
 625
  85
 183
 179
  22
 416
 458
 575
 523
 912
  42
 918
 561
  26
 339
 948
 402
 533
 381
 248
 113
 423
 618
 903
 492
 879
 342
 520
 146
 264
  48
 666
 647
 285
 727
 837
 959
 261
 547
 375
 410
 479
 230
 686
 848
 334
 363
 426
 717
 683
 754
  90
 907
 211
 260
 778
  16
 204
  65
 939
 620
 111
 567
 653
 890
 286
 720
 112
 656
 515
  10
 199
 133
 661
 681
  71
 949
 988
 707
 175
 452
 299
 480
 528
 823
 791
 270
 495
 891
 474
 108
 139
 695
 745
 941
 870
   9
 364
 705
 894
 421
 986
 550
 773
 634
 130
 186
 240
 192
 236
 296
 930
 951
 968
 904
 802
 633
 905
 243
 549
 554
 758
 109
 716
 184
 282
  57
 266
 374
 861
 443
 279
 169
 819
 836
 559
 344
 806
 424
 536
 394
 922
 539
 993
 947
 784
 736
 336
  97
 712
 983
 530
 832
 469
 835
 488
 455
 351
 308
 542
 867
 954
 946
 340
 269
  34
 839
 540
 464
 671
 818
 127
 103
 637
 158
 919
 678
 841
 865
 801
 420
  81
 956
 859
